Action:
  HoverAction:
    - id: 1
      duration: 41 # point of failure
      coordinates: [-112.1334152514208, 36.08362433106716]
    - id: 2
      duration: 30
      preconditions: [1]
Asset:
  ARDrone:
    - id: 1
      actions: [1, 2]
